lambda[1]=10000
lambda[2]=7309.92
lambda[3]=0.00476
lambda[4]=0.1904
lambda[5]=5
lambda[6]=2.143
lambda[7]=74.851
lambda[8]=68.949
lambda[9]=183.36
lambda[10]=22130
lambda[11]=0.057
lambda[12]=0.272
lambda[13]=3.529
lambda[14]=114.25
lambda[15]=61.029
lambda[16]=138.3
lambda[17]=0.219
lambda[18]=1.343
lambda[19]=3.663
lambda[20]=1.221
lambda[21]=4.882
lambda[22]=2.726
lambda[23]=0.122
lambda[24]=10
lambda[25]=122.06
lambda[26]=12.206
lambda[27]=332.75
lambda[28]=122.06
lambda[29]=7.984
lambda[30]=12.206
lambda[31]=1.208
lambda[32]=1.221
lambda[33]=0.958
lambda[34]=0.925
lambda[35]=20
lambda[36]=0.7567
lambda[37]=0.61
lambda[38]=0.543
lambda[39]=51.558
lambda[40]=2.0945
lambda[41]=9.28
lambda[42]=3480.27
lambda[43]=0.972
lambda[44]=1713.71
lambda[45]=8675.14
lambda[46]=5.235
lambda[47]=0.943
lambda[48]=761.64
lambda[49]=5.13
lambda[50]=1.445
lambda[51]=2.285
lambda[52]=60
lambda[53]=180
lambda[54]=28.211
lambda[55]=194.07
lambda[56]=114.25
lambda[57]=4.287
lambda[58]=89.943
lambda[59]=447.47
lambda[60]=132240.2
lambda[61]=172.45
lambda[62]=0.199
lambda[63]=16
lambda[64]=1
lambda[65]=0.005593
lambda[66]=322.18
lambda[67]=644.35
lambda[68]=0.447
lambda[69]=3.222
lambda[70]=32.218
lambda[71]=0.00008949
lambda[72]=32.218
lambda[73]=0.0895
lambda[74]=32.218
lambda[75]=3.222
lambda[76]=0.00895