stdout            | info    | The initialization finished successfully without homotopy method.
SqrNormDiff = 0.949879,0.977399,0.0114138,1.98146,0.733797,0.873308,8.87358,0.0969832,0.710431,1.01689,3.05559,3.64833,3.25758,92.9238,0.921836,382.231,0.99806,1,1,1,1,0.999989,0.99953,541.085,0.975318,0.545698,0.258808,0.89842,0.597263,37.1057,0.848442,15.4084,14.9192,7.06191,0.0878619
AvgDiff = 0.904916,0.792006,0.009673,0.966789,0.412283,0.285933,1.99519,0.0548961,0.470191,0.398243,1.85776,1.0636,1.26732,13.5414,0.49129,32.0954,0.958483,0.999999,0.999998,0.999989,0.999965,0.999526,0.995329,25.6328,0.760452,0.150678,0.117174,0.675448,0.261914,5.34127,0.533521,2.78082,2.74848,2.39371,0.246785
CrossCorr = 0.419866,0.237543,0.96484,0.677912,0.677755,0.869458,0.878304,0.988028,0.948024,0.948048,0.702306,0.955567,0.759462,0.500966,0.0673141,0.424035,0.00425338,1.38716e-10,1.07803e-06,4.47588e-05,0.000481793,0.00549485,0.029081,0.76482,0.600949,0.629048,0.812813,0.799265,0.855504,0.963192,0.798918,0.933824,0.934547,0.789753,0.789736
stdout            | info    | The simulation finished successfully.
stdout            | info    | The initialization finished successfully without homotopy method.
SqrNormDiff = 0.817421,0.973614,0.932368,92.8916,0.953225,13.5291,10.3618,0.231674,0.64453,1.4758,0.338054,5.32352,0.972668,0.999894,0.642581,0.999144,1,1,1,1,1,0.999989,0.999531,1.93089,0.975333,0.999985,0.994349,0.99887,0.936349,5.87438,0.984018,13.1894,11.0164,0.768058,9.37253
AvgDiff = 0.579072,0.662423,0.735962,11.7547,0.7153,2.90531,2.48906,0.121833,0.394676,0.5975,0.156363,1.4886,0.838738,0.986063,0.382636,0.961076,1,1,1,0.999991,0.999966,0.999526,0.995363,0.944596,0.760513,0.997817,0.92901,0.99639,0.726229,1.66292,0.907565,2.53727,2.26567,0.463978,2.58508
CrossCorr = 0.979831,0.365239,0.960966,0.757404,0.757364,0.953941,0.945522,0.99423,0.973481,0.973486,0.702758,0.987326,0.693247,0.436703,0.067123,0.319831,3.42422e-12,1.06685e-08,3.10599e-06,4.53974e-05,0.000481432,0.0054921,0.0289945,0.717954,0.60108,0.238433,0.760526,0.0804654,0.824137,0.942173,0.477486,0.939441,0.937148,0.735929,0.735972
stdout            | info    | The simulation finished successfully.
