lambda[1]=1546.875000
lambda[2]=14729.300000
lambda[3]=0.100000
lambda[4]=0.010000
lambda[5]=5.983471
lambda[6]=1.905400
lambda[7]=217.318339
lambda[8]=500.000000
lambda[9]=500.000000
lambda[10]=5733.600000
lambda[11]=0.586899
lambda[12]=0.205442
lambda[13]=9.542237
lambda[14]=222.201190
lambda[15]=352.777275
lambda[16]=20.000000
lambda[17]=1.997830
lambda[18]=15.000000
lambda[19]=2.748274
lambda[20]=1.356893
lambda[21]=2.373522
lambda[22]=9.956190
lambda[23]=1.928072
lambda[24]=1.680890
lambda[25]=414.123711
lambda[26]=39.811881
lambda[27]=30.000000
lambda[28]=10.000000
lambda[29]=1.000000
lambda[30]=35.690265
lambda[31]=6.336220
lambda[32]=6.145802
lambda[33]=0.100000
lambda[34]=2.832610
lambda[35]=97.801800
lambda[36]=5.345033
lambda[37]=5.144586
lambda[38]=4.958896
lambda[39]=50.508982
lambda[40]=4.731792
lambda[41]=45.245810
lambda[42]=10000.000000
lambda[43]=9.960380
lambda[44]=2131.088083
lambda[45]=4120.304569
lambda[46]=8.339196
lambda[47]=3.853555
lambda[48]=50.000000
lambda[49]=19.754100
lambda[50]=3.558515
lambda[51]=0.200000
lambda[52]=36.799163
lambda[53]=500.000000
lambda[54]=38.685259
lambda[55]=169.416342
lambda[56]=67.794677
lambda[57]=15.221190
lambda[58]=154.649446
lambda[59]=359.927798
lambda[60]=64092.526690
lambda[61]=20.000000
lambda[62]=2.744915
lambda[63]=2.679805
lambda[64]=2.646624
lambda[65]=0.002355
lambda[66]=267.318612
lambda[67]=256.858006
lambda[68]=0.512908
lambda[69]=4.764841
lambda[70]=47.386819
lambda[71]=0.000230
lambda[72]=126.963788
lambda[73]=0.022580
lambda[74]=200.000000
lambda[75]=4.379420
lambda[76]=0.021958
