lambda[1]=5785.160000
lambda[2]=1422.500000
lambda[3]=0.000001
lambda[4]=0.411608
lambda[5]=4.455297
lambda[6]=0.100000
lambda[7]=293.935000
lambda[8]=497.257618
lambda[9]=500.000000
lambda[10]=77398.335315
lambda[11]=0.021332
lambda[12]=0.261651
lambda[13]=3.557406
lambda[14]=50.000000
lambda[15]=132.951562
lambda[16]=447.376290
lambda[17]=1.566573
lambda[18]=15.000000
lambda[19]=1.815995
lambda[20]=8.055743
lambda[21]=0.500000
lambda[22]=3.307547
lambda[23]=0.226939
lambda[24]=41.760131
lambda[25]=262.733553
lambda[26]=19.450054
lambda[27]=331.633519
lambda[28]=101.717181
lambda[29]=3.445165
lambda[30]=1.878769
lambda[31]=6.883117
lambda[32]=6.071383
lambda[33]=4.942661
lambda[34]=4.588075
lambda[35]=30.290708
lambda[36]=2.657822
lambda[37]=1.803351
lambda[38]=1.011788
lambda[39]=8.988849
lambda[40]=9.717090
lambda[41]=90.600855
lambda[42]=8851.683404
lambda[43]=7.875140
lambda[44]=3857.644501
lambda[45]=7336.803319
lambda[46]=14.415065
lambda[47]=6.199748
lambda[48]=2669.382051
lambda[49]=10.542219
lambda[50]=0.229883
lambda[51]=9.378047
lambda[52]=45.545596
lambda[53]=219.178389
lambda[54]=42.272345
lambda[55]=176.894427
lambda[56]=66.352557
lambda[57]=13.749755
lambda[58]=136.574938
lambda[59]=307.953968
lambda[60]=50571.801269
lambda[61]=220.860293
lambda[62]=1.655065
lambda[63]=1.196522
lambda[64]=1.055086
lambda[65]=0.004929
lambda[66]=94.205336
lambda[67]=49.616196
lambda[68]=0.073163
lambda[69]=19.657637
lambda[70]=195.461318
lambda[71]=0.000966
lambda[72]=500.000000
lambda[73]=0.096494
lambda[74]=193.101000
lambda[75]=18.014776
lambda[76]=0.089144
