lambda[1]=1000.000000
lambda[2]=1211.248800
lambda[3]=0.081600
lambda[4]=0.720029
lambda[5]=9.652893
lambda[6]=3.632544
lambda[7]=16.288411
lambda[8]=424.584488
lambda[9]=188.771267
lambda[10]=94000.501000
lambda[11]=1.000000
lambda[12]=0.233199
lambda[13]=6.852175
lambda[14]=101.270957
lambda[15]=78.947488
lambda[16]=208.743100
lambda[17]=1.832203
lambda[18]=13.290164
lambda[19]=8.253731
lambda[20]=7.629577
lambda[21]=14.924658
lambda[22]=6.898734
lambda[23]=1.304699
lambda[24]=30.730337
lambda[25]=490.105430
lambda[26]=27.198020
lambda[27]=538.543689
lambda[28]=257.289720
lambda[29]=10.412844
lambda[30]=1.890281
lambda[31]=4.309449
lambda[32]=4.180916
lambda[33]=4.002190
lambda[34]=3.946043
lambda[35]=37.516779
lambda[36]=10.000000
lambda[37]=3.505096
lambda[38]=10.000000
lambda[39]=76.693650
lambda[40]=3.258960
lambda[41]=30.865922
lambda[42]=3053.591160
lambda[43]=2.898953
lambda[44]=4873.055700
lambda[45]=251.016580
lambda[46]=5.791457
lambda[47]=2.633649
lambda[48]=1248.654709
lambda[49]=5.519824
lambda[50]=9.784408
lambda[51]=4.788841
lambda[52]=10.968992
lambda[53]=29.991584
lambda[54]=29.362550
lambda[55]=120.856031
lambda[56]=49.011407
lambda[57]=10.436803
lambda[58]=107.638376
lambda[59]=275.451264
lambda[60]=46512.455516
lambda[61]=206.996466
lambda[62]=1.859317
lambda[63]=1.841368
lambda[64]=1.818971
lambda[65]=0.009040
lambda[66]=84.930880
lambda[67]=20.000000
lambda[68]=1.826427
lambda[69]=3.281268
lambda[70]=32.636103
lambda[71]=0.000157
lambda[72]=92.200557
lambda[73]=0.015567
lambda[74]=30.664879
lambda[75]=3.021108
lambda[76]=0.014958
